imageDir = /home/sandeep/Desktop/Desktop_2/Demo_old/DEMO/shubham/data_2/  
startLat = 23.353259999999988
startLon = 87.908081
startRow = 0
startCol = 0
totalRows = 106
totalCols = 150
#startRow = 39
#startCol = 75
#totalRows = 148
#totalCols = 135
deltaLat = 0.01225
deltaLon = 0.01372
zoom = 16
scale = 2
format = png32
size = 640x640
sleep = 1000
proxyHost = proxy.tcs.com
proxyPort = 8080
userName = india\\1389026
passwd = Apr@0101
key = AIzaSyCdmS0hoN3R3J0_mwj8Z8YVJX5jHz2vwx8
leftTop = 22.507482299898438, 70.0323486328125
rightBottom = 20.704738720055513, 71.883544921875